113.859654 22.588261
113.859680 22.588240
113.859712 22.588242
113.859736 22.588209
113.859742 22.588173
113.859752 22.588141
113.859786 22.588103
113.859815 22.588069
113.859848 22.588048
113.859885 22.588029
113.859929 22.588010
113.859972 22.588001
113.860004 22.587981
113.860046 22.587968
113.860085 22.587962
113.860113 22.587951
113.860129 22.587930
113.860150 22.587893
113.860179 22.587872
113.860209 22.587866
113.860227 22.587856
113.860249 22.587839
113.860285 22.587822
113.860329 22.587808
113.860367 22.587802
113.860401 22.587773
113.860435 22.587739
113.860476 22.587711
113.860517 22.587697
113.860553 22.587664
113.860586 22.587615
113.860613 22.587586
113.860655 22.587571
113.860700 22.587559
113.860740 22.587532
113.860775 22.587493
113.860807 22.587453
113.860834 22.587419
113.860837 22.587391
113.860836 22.587376
113.860846 22.587348
113.860830 22.587327
113.860807 22.587309
113.860781 22.587285
113.859668 22.587070
113.860737 22.587240
113.860693 22.587209
113.860661 22.587174
113.860646 22.587137
113.860636 22.587091
113.860632 22.587045
113.860617 22.586995
113.860605 22.586952
113.860586 22.586926
113.860550 22.586906
113.860524 22.586885
113.860483 22.586877
113.859848 22.588048
113.860454 22.586875
113.860463 22.586850
113.860463 22.586812
113.860451 22.586790
113.860415 22.586739
113.860355 22.586724
113.860293 22.586732
113.860231 22.586754
113.860184 22.586775
113.860170 22.586799
113.860157 22.586818
113.860135 22.586844
113.860108 22.586877
113.860083 22.586906
113.860043 22.586918
113.860009 22.586930
113.859983 22.586958
113.859943 22.586978
113.859891 22.586992
113.859839 22.587005
113.859796 22.587004
113.859758 22.587022
113.859718 22.587053
113.859668 22.587070
113.859646 22.587102
113.859631 22.587129
113.859634 22.587151
113.859677 22.587180
113.859722 22.587207
113.859764 22.587229
113.859795 22.587260
113.859829 22.587285
113.859859 22.587305
113.859873 22.587339
113.859899 22.587366
113.859915 22.587396
113.859924 22.587444
113.859926 22.587477
113.859939 22.587499
113.859973 22.587508
113.859988 22.587514
113.859988 22.587514
